9
0 0
5 0
10 0
0 5
5 5
10 5
0 10
5 10
10 10
12
0 1 0 -1 1 0.749446 0.444157 0.453
1 2 1 -1 1 0.564513 0.273088 0.292329
3 4 2 0 0 0.675966 0.46067 0.483649
4 5 3 1 0 0.689493 0.313089 0.590288
6 7 -1 2 1 0.465205 0.707755 0.731415
7 8 -1 3 1 0.387852 0.621217 0.299805
0 3 -1 0 1 0.321762 0.354873 0.356428
1 4 0 1 1 0.479389 0.584413 0.729507
2 5 1 -1 1 0.331618 0.50901 0.437085
3 6 -1 2 1 0.592188 0.408825 0.622728
4 7 2 3 0 0.689153 0.600677 0.579486
5 8 3 -1 1 0.429773 0.687015 0.654198
4
7 2 6 0
8 3 7 1
10 4 9 2
11 5 10 3
2.5 2.5 0 0 50
