16
0 0
5 0
10 0
15 0
0 5
5 5
10 5
15 5
0 10
5 10
10 10
15 10
0 15
5 15
10 15
15 15
24
0 1 0 -1 1 0.482643 0.288089 0.408856
1 2 1 -1 1 0.639163 0.407411 0.35127
2 3 2 -1 1 0.296417 0.375084 0.537363
4 5 3 0 0 0.463766 0.517105 0.477438
5 6 4 1 1 0.307794 0.590053 0.521412
6 7 5 2 0 0.369394 0.397902 0.541224
8 9 6 3 1 0.349846 0.357263 0.522161
9 10 7 4 0 0.456532 0.425266 0.447502
10 11 8 5 1 0.669043 0.606042 0.253093
12 13 -1 6 1 0.742222 0.531108 0.338065
13 14 -1 7 1 0.351545 0.422016 0.325166
14 15 -1 8 1 0.561927 0.304612 0.605514
0 4 -1 0 1 0.377936 0.469703 0.306502
1 5 0 1 0 0.377912 0.574949 0.672006
2 6 1 2 0 0.401066 0.720945 0.425318
3 7 2 -1 1 0.318667 0.337548 0.667864
4 8 -1 3 1 0.287253 0.36257 0.706577
5 9 3 4 0 0.444862 0.301477 0.423894
6 10 4 5 1 0.393452 0.253425 0.320111
7 11 5 -1 1 0.604638 0.651417 0.364493
8 12 -1 6 1 0.529572 0.522578 0.471604
9 13 6 7 0 0.743215 0.710788 0.710991
10 14 7 8 0 0.62609 0.692248 0.619431
11 15 8 -1 1 0.273697 0.519879 0.612507
9
13 3 12 0
14 4 13 1
15 5 14 2
17 6 16 3
18 7 17 4
19 8 18 5
21 9 20 6
22 10 21 7
23 11 22 8
2.5 2.5 0 0 50
